1.1725994878829553
1.5748929953568274
1.9557312547706989
1.7245357066808809
1.137995911205404
1.095024575176115
1.6507597409922763
1.7911900114989712
1.25035467645763
1.4578032110941956
1.9048792131728631
1.4613919896567307
1.466797437517437
1.267415912893377
1.568204898329216
1.972867028274662
1.817651866998349
1.8051465375640499
1.8822470785303216
1.3830264099610579
1.7945957281881653
1.4266972961274305
1.0689509742155257
1.3679072401758612
1.0369962892976021
1.1542614179292587
1.9488413051211126
1.6346775287257875
1.7427449649516231
1.8691329441179843
1.459302081411947
1.9282509485389916
1.1204121084589054
1.8096141103936638
1.491417565383887
1.4999844214753237
1.663146604360838
1.7630178113636625
1.0301655610241491
1.1956277714140606
1.0667752241572077
1.4444405033338747
1.9873560075726289
1.0994265208501999
1.437929746057969
1.557961901244838
1.682656855457223
1.7333607673823697
1.3337168778166122
1.1567561977841303
1.2545599559081966
1.1135439315386866
1.485454343497257
1.4221004154500907
1.1186388435627794
1.8967168737868856
1.413924270651688
1.308266769910869
1.207522374843429
1.2353577703514826
1.8557443941996907
1.7179910046466755
1.1394381413336931
1.3261722742505486
1.8868415740530629
1.3323569731867826
1.2079431157117035
1.409464902675277
1.1275356951772229
1.8444696851645423
1.2311156910113423
1.1570942750674038
1.002051417251463
1.9700684571853082
1.8063897052991047
1.5464442416646844
1.5034263908134164
1.3613397033762868
1.0868031427501499
1.8963565784341512
1.647937588005413
1.1577590507212974
1.500912780806964
1.6119717054678093
1.0533744870798962
1.627447765674978
1.2683070507460668
1.4152908707526461
1.3295741886865287
1.5910332816287451
1.6337602444973294
1.6288464415232498
1.7045515585143374
1.7251759546910963
1.4045410728689935
1.8514446289850062
1.4135224959070984
1.8928868143973858
1.9784954919861215
1.1904688768550344
1.291372824090014
1.1233109480508798
1.9752480459604265
1.929451758757087
1.5496067343824222
1.4501165512211172
1.2706390415444626
1.093060898240187
1.7677849736985154
1.3794783415012075
1.474725125186408
1.3144986245962107
1.3505557120948422
1.673710830317276
1.382797840222734
1.3559711666402898
1.090977336426682
1.2789721721807985
1.3460828280173662
1.3743037132710882
1.3917068318482206
1.191009844104123
1.3669281627669323
1.624522448376188
1.8644951051658833
1.5937272348212614
1.3840964732499264
1.842379348358538
1.2647699553974858
1.8989076323233058
1.7710572658975625
1.5262784920761998
1.3128986083210616
1.8703817132535485
1.5240007430830202
1.969997083319921
1.7164765329199427
1.9122996324097916
1.388052634838882
1.5264235583646266
1.4524334159039283
1.309177319591028
1.0608982495101174
1.1579490005169735
1.8382556787591284
1.297421630688914
1.7687881433556036
1.8782474902194628
1.12412815819907
1.4936725217367766
1.3601946540274832
1.0972609215125524
1.441027624111498
1.0619714658687012
1.8976717844170474
1.757198896337786
1.469874391849068
1.7429417200746409
1.6513080746551578
1.2236503411249608
1.354155240406711
1.5072150907833275
1.306506621331317
1.9696532416488226
1.511982656799374
1.4577731389199782
1.7811067001246257
1.5131953165948269
1.1443330594886518
1.4184192365915114
1.3744271635642518
1.546168727094703
1.5911143116917899
1.0051130958725625
1.1011854778875683
1.0081368413146317
1.6716278671736577
1.3195583948090182
1.3834628051446443
1.4079668690556602
1.2503118490896372
1.9523233272485987
1.4364377067520548
1.4877060760477379
1.1781849838376852
1.0582622987762265
1.2160138489678856
1.9197554937701526
1.2599095959137254
1.7354688369447107
1.7180808063550868
1.6192150077432104
1.41608745650739
1.3372450860035237
1.7689149789176672
1.8314679572657129
1.9697612009011027
1.9839420482129124
1.2384597800610997
1.2673406424874107
1.1499279196190488
1.6804552131924837
1.8677204680306856
1.8452134827339997
1.5769363124702207
1.9630465475597756
1.7407231728381425
1.0626264630609217
1.8838683227440345
1.6826311441682167
1.8028776596117186
1.2014605916706722
1.4189568373160515
1.3686251099000737
1.2908209182710246
1.4457409596442363
1.0723260132216605
1.097265595060184
1.9810409431924745
1.4532469237445529
1.422464529790913
1.1096190536483073
1.22953740483938
1.8703139588908646
1.5225704700117175
1.8166774195662554
1.853937088173305
1.9050598660223095
1.6829075232290407
1.5518508165685887
1.1953017569517213
1.2831747096774553
1.9253434801490648
1.5410301954648822
1.7122026405791608
1.9819258569374645
1.432195122433205
1.0803495140763064
