1.6820045605879779
1.091602608079564
1.6178163488614024
1.8419199045509562
1.8345502885760898
1.5150177257913495
1.6310379652956766
1.3692298340629185
1.5280186220192247
1.107856683302732
1.6829499338332965
1.6006683617497799
1.281924522856405
1.378572843768199
1.7361315371336714
1.4438774447470737
1.9596160635365507
1.9712559648074823
1.8383626047485429
1.0910275013231259
1.0751526321744096
1.2885859826930068
1.3611070636528046
1.7049528914120153
1.8268864645644354
1.562624345467691
1.6391910665123346
1.5730797646226704
1.034056595020687
1.5266633750453544
1.2132438160866261
1.4169628401325784
1.0087840408651418
1.6557814740399095
1.9102231514520769
1.0686109044191041
1.5800667421881849
1.0234810585074352
1.3518730068765685
1.1592858047849828
1.8605819495149016
1.7280267776064944
1.8965351726276665
1.2179641107905381
1.7188994982210133
1.6994970234278388
1.5106829900251757
1.916193815333509
1.6249262395655322
1.282808112148989
1.7170928210288134
1.4812368165190888
1.2130325232922141
1.617804971595725
1.0482863294985494
1.449066587574559
1.5567663285786826
1.0025381763782542
1.6485700178082294
1.088196705604598
1.6497443477078808
1.3411298196812447
1.029452816381115
1.9993299256959876
1.0641721753606785
1.1562894704052207
1.5057494465838603
1.2451088712931166
1.5304284340779213
1.4740273730905673
1.576532238571422
1.543627082393471
1.2942289720196012
1.2114575513597945
1.6945463431319296
1.4289821206012059
1.5205286707029355
1.9159106961284986
1.008484470526469
1.2773437058035222
1.563400990042768
1.053994225146048
1.7539750946436443
1.4013350862739484
1.3163706814308802
1.194433227860137
1.9668043651471927
1.0465570406413942
1.8214487078368329
1.7045559170798716
1.8974861395684663
1.7012450583059495
1.3469410892963205
1.5499755239467783
1.921620060491616
1.0408907446713176
1.8499495949118139
1.6734292939865107
1.1968364769190876
1.9667406368586051
1.2995721745469093
1.0045627873490202
1.2674886403947707
1.5151632567748279
1.027791941615369
1.591748825947457
1.4445523785036882
1.3327459617788697
1.7556682663203327
1.6183611553685948
1.9653474256771526
1.8696925091469054
1.8601468679413475
1.933056496929182
1.8499425677379104
1.4866952074124105
1.0684315928493393
1.4470838874826066
1.619586077048357
1.9694197637323325
1.6539391860013386
1.5742679813263942
1.0862880668309867
1.6504653194428638
1.0370044074292302
1.1434944262787967
1.04320362757278
1.7327710935034275
1.941334392546396
1.5942633492918434
1.0874644628805545
1.7390655796120904
1.1744124006092262
1.7094218832949561
1.6763988206418383
1.9447804778643838
1.1654416483507961
1.2332176189917452
1.3192116084449355
1.0765345332740663
1.945399327735844
1.6226190686463566
1.1062447970688618
1.4779619814386677
1.0987498239998035
1.963631347663437
1.3595473881746902
1.0025461014185493
1.7402360525456224
1.330570562748356
1.6495464107216273
1.782380808446303
1.0748326679054963
1.5463904073107764
1.950187089261104
1.2274047240132913
1.2493912472238022
1.673967440189648
1.0577795983687563
1.8198385350158386
1.8020487373164245
1.946505517996568
1.8332685271389055
1.5804192128041228
1.460117778306718
1.5360577835674725
1.6360143363742115
1.9766870816337851
1.1523871440344027
1.4945514459513447
1.4499487457472022
1.2456019207124667
1.1638721981130309
1.7835859965877834
1.5849482925630471
1.6892506182801257
1.2572479076428054
1.4795820142023726
1.1591181661607686
1.1518720309552861
1.1348269723462272
1.6488437721352638
1.8475747318282765
1.5713496988381865
1.7800870838606946
1.0786841662853002
1.5182650740967065
1.1395342874962595
1.5247774394827545
1.2488942413657733
1.2537914493853093
1.918698305289786
1.5484662786615875
1.2432205545105774
1.4901798129886217
1.2844013374885654
1.7949434126533514
1.3975836596579307
1.842300257825799
1.59449133643295
1.6514716252621127
1.6083543338651862
1.5863333606022585
1.0626555872200614
1.790358243276895
1.6140707321630323
1.223980988007827
1.4969652434375935
1.9510978487022255
1.6535474638354584
1.5522454166181197
1.5304189653999118
1.0693315280108413
1.496395080931464
1.432871132077366
1.642746108810233
1.3620747945393346
1.1440827657222812
1.8490870360399734
1.2485012537838858
1.2254831928606817
1.4354501564466817
1.9438593942264797
1.6994049083278577
1.1414426661442882
1.095527905042974
1.5004245022058307
1.0618247909353897
1.2273895953056793
1.1133043549160018
1.864138694914671
1.8855147353314607
1.8689761819602244
1.6540296081560908
1.0396513907681375
1.275064917184256
1.8280630110724212
1.0408031091316146
1.4983545604372033
1.796269788404095
1.2565030483534243
1.346857279994448
1.6356941353681256
1.6552423146561384
1.1531908938442794
1.7902257042958736
1.0829687521280933
1.1606433898428783
