1.7725213822036996
1.6774833147394919
1.1281434228671454
1.0559659533733847
1.6587743224145068
1.0070326595752996
1.8278953615746292
1.7545879203857957
1.0231897552954712
1.6719495173539736
1.9171972956083052
1.8152425241749484
1.1779819560174625
1.9767502768420386
1.9110632573281108
1.1252706307570595
1.6740417593758445
1.5681302167650022
1.3524559884274474
1.3649275161379157
1.8824608521794561
1.9644094005103345
1.2249826444918652
1.4730538516547336
1.721189681033958
1.778142341398274
1.5657766074575061
1.7660816267303776
1.703869022197918
1.1245596114137069
1.3951341882155792
1.6956308378239946
1.598272196841694
1.5558489101491726
1.2432112578401724
1.7932781005157135
1.504943550790573
1.4113849609712465
1.1946048642516796
1.5442207379951713
1.147883690995498
1.2927751385155801
1.4681241697146554
1.7259244700329117
1.7235000886394611
1.2315167416979884
1.1929303713008228
1.2498799165201155
1.04609647458844
1.7626846949670956
1.1231623125635317
1.5230926095681716
1.5440690604684817
1.4672321777901607
1.0595311817257762
1.918338329480334
1.2690089062726488
1.502016814758559
1.5050963081080004
1.2539981133566271
1.5265835159024745
1.2504566447001635
1.8902492421809405
1.9385091692894516
1.035217304035727
1.293981975542352
1.0556001659880394
1.2783463184032433
1.1374865392387945
1.302517849798039
1.992421063993155
1.1482590823179035
1.1406240161289105
1.5747126073469362
1.0342816142585207
1.8546660062479488
1.1111838642348397
1.72556230062929
1.3076199012111878
1.6303476443981515
1.747616843068317
1.6029724989406828
1.4862042054068805
1.71423803790241
1.2152407477568632
1.8838840481995454
1.1228691163577595
1.42795327576453
1.5804333194298112
1.9369139282121735
1.5703143078196293
1.5905459178104198
1.6846208759160461
1.358865777492956
1.770113841451865
1.4620748571272226
1.7686335195895468
1.9726528454745251
1.1594229485919956
1.1964940851775612
1.944118467821409
1.7193983748095427
1.3440761987923202
1.9370036994800899
1.2849977671096757
1.3810418321636424
1.975634941692876
1.1080159789316748
1.3720307895877357
1.5228291397126688
1.675787239638519
1.6428902732135278
1.331443385525429
1.3581959533485803
1.1603930598977765
1.4381595349393226
1.2116484192228656
1.2228455561862694
1.6080968555368123
1.7792014448885003
1.668441240250539
1.7466301970837366
1.981854358599184
1.537229632725187
1.927081587880513
1.0485361139829146
1.3575845681347216
1.1116474502046696
1.3263078098177972
1.5491866974002617
1.0683168220280788
1.7809617680529737
1.945859730500151
1.3279611242847311
1.7942502167315477
1.177603685138794
1.1649993217852042
1.2690482417507294
1.9952584569693488
1.4461881704388881
1.488859423634144
1.4609929120809775
1.0334259297399024
1.6508892388483116
1.0610778896835933
1.4302077058887548
1.6351573399154695
1.8734988898714513
1.7055390068040381
1.8233957985480558
1.382555562125388
1.489663194977045
1.1437695580337284
1.8606178434786635
1.2479505047525659
1.8308200448978353
1.7734800212915554
1.4086959817090903
1.1750304882973985
1.137709384388096
1.6514940437839
1.7732401096842132
1.4882529160419264
1.146182013450137
1.0719724923904346
1.1038696827230403
1.6374628070414392
1.1129808616477217
1.1147391260524593
1.0379301939272065
1.7879328558121186
1.4800310282885325
1.2714491186088415
1.285175237107154
1.62627433120356
1.1542399518975919
1.893620386241773
1.411537371573553
1.6521056876882154
1.5262904161328676
1.845323312274436
1.3674373059215008
1.9703111054809124
1.2114071812901204
1.1984809998643948
1.872921170464233
1.645642319752119
1.6355925224766752
1.618021423041899
1.6631314974797844
1.643282955824512
1.7355111451203484
1.4165396595626412
1.9819836777462394
1.0551262250493514
1.5719701936055577
1.6183356455600515
1.0018370687013398
1.1690928899238862
1.640199880351202
1.6292313204754416
1.1227361138617136
1.9322586125779346
1.336345933306227
1.1469438896854927
1.2013409705737343
1.1570709757834239
1.461639058499498
1.1757480745235438
1.299026246410727
1.4219968140163646
1.1808779980565751
1.3035244942848578
1.9438087067927596
1.1346604407140883
1.7518835673307522
1.4835368382732752
1.3106192733287914
1.5355057532407042
1.8954780242266627
1.3343629100775172
1.3905214588065027
1.3004896005057902
1.281045746597144
1.9290389477496501
1.1153086387578237
1.2583671888520216
1.465952608587946
1.970981559821408
1.1413979251376989
1.030945896122852
1.5948498055551659
1.192777304483652
1.3449216349054067
1.3995839238977323
1.5321160911741152
1.9140178310616354
1.7824588001575914
1.5806136978769223
1.7640107043903668
1.4343383617986323
1.033920067718793
1.4405706638675866
1.846737447556941
